           1           2   54093.695       0.0000000    
           2           3   19280.801     -0.14812583    
           3           4   4694.8765     -0.22909698    
           4           5   0.0000000     -0.18740921    
           5           6   363373.81     -0.43827942    
           6           7   445802.41     -0.26049376    
           7           8   2915042.8       0.0000000    
           8           9   1988789.9     -0.67997748    
           9          10   1810095.3     -0.16735633    
          10          11   178931.50     -0.59033751    
          11          12   1284387.3     -0.11856361    
          12          13   3021602.0       0.0000000    
          13          14   704601.13     -0.15018377    
          14          15   517565.84      -5.2202826    
          15          16   5547672.5       0.0000000    
          16          17   0.0000000      -4.1370602    
          17          18   6173614.5     -0.83711761    
          18          19   0.0000000      -3.3178401    
          19          20   237701.19      -3.3494325    
          20          21   4658789.5       0.0000000    
          21          22   0.0000000      -27.879007    
          22          23   138502.11     -9.98238474E-02
          23          24   1910294.8     -0.92866790    
          24          25   0.0000000      -2.9595389    
          25          26   579002.81     -5.54801300E-02
          26          27   77312.484     -0.41530484    
          27          28   343337.13     -0.53760386    
          28          29   6584.1191      -1.9807348    
          29          30   2651548.3     -0.15302387    
          30          31   118189.91     -0.38479945    
          31          32   278337.56     -0.55079013    
          32          33   5037711.0       0.0000000    
          33          34   0.0000000      -6.4442739    
          34          35   733735.13     -2.98459530E-02
          35          36   0.0000000      -1.0559447    
          36          37   4435140.5       0.0000000    
          37          38   187562.75      -1.9108560    
          38          39   202850.67     -2.08493061E-02
          39          40   3582981.5       0.0000000    
          40          41   1954526.8       0.0000000    
          41          42   551159.63      -2.7949812    
          42          43   4851832.5       0.0000000    
          43          44   110483.08      -8.7931519    
          44          45   2456847.5     -0.60741603    
          45          46   308794.16     -0.16008973    
          46          47   0.0000000     -0.96769470    
          47          48   0.0000000      -1.2961460    
          48          49   3930102.3     -0.19967230    
          49          50   0.0000000      -1.1904730    
          50          51   67109.172     -0.15603715    
          51          52   1424628.5       0.0000000    
          52          53   210852.56     -0.28978884    
          53          54   388045.69     -0.76244003    
          54          55   25426.135     -2.79940087E-02
          55          56   0.0000000      -5.3713264    
          56          57   939194.31     -0.12573668    
          57          58   806519.31       0.0000000    
          58          59   1298389.1       0.0000000    
          59          60   1154.1744     -6.44399831E-03
          60          61   663382.50      -1.3794315    
          61          62   726974.50     -0.14925602    
          62          63   3468530.3     -0.57978404    
          63          64   0.0000000      -1.2563741    
          64          65   7299.5459     -0.20836225    
          65          66   5408592.5     -0.37687472    
          66          67   11146.508      -1.5053627    
          67          68   2800676.0     -0.14337844    
          68          69   1774013.4     -0.11373074    
          69          70   87038.008      -9.0504599    
          70          71   4111748.8       0.0000000    
          71          72   17490.293     -0.15238522    
          72          73   244020.30     -0.42762393    
          73          74   231934.91      -8.8877668    
          74          75   1601075.6       0.0000000    
          75          76   62552.980     -9.06726420E-02
          76          77   22932.627     -0.71836960    
          77          78   517811.91     -0.10566727    
          78          79   248417.73     -0.10806829    
          79          80   226484.20     -0.22693598    
          80          81   2166076.0     -0.20997055    
          81          82   147158.44      -2.7625189    
          82          83   2735971.8       0.0000000    
          83          84   767076.94     -0.19896607    
          84          85   0.0000000     -0.30483624    
          85          86   268983.84       0.0000000    
          86          87   4369.0107     -1.06287375E-02
          87          88   117273.91     -0.21082522    
          88          89   369832.63       0.0000000    
          89          90   46371.188     -9.20111910E-02
          90          91   25101.570     -5.60204908E-02
          91          92   444489.09     -0.36209488    
          92          93   21954.502      -2.3723228    
          93          94   405921.41     -4.09155758E-03
          94          95   3314387.5     -0.36192337    
          95          96   63123.406      -5.7543244    
          96          97   177398.63     -0.18730755    
          97          98   1863589.6       0.0000000    
          98          99   122492.38     -6.84805661E-02
          99         100   17576.910      -4.8072600    
         100         101   2393881.3     -2.22970117E-02
         101         102   8386.7021     -0.13161370    
         102         103   0.0000000      -5.6397638    
         103         104   292564.53     -0.72859508    
         104         105   2401227.3     -0.25114268    
         105         106   121582.23      -14.384989    
         106         107   0.0000000      -6.0256820    
         107         108   0.0000000     -0.38371339    
         108         109   1985438.3     -0.46377558    
         109         110   0.0000000     -0.59673661    
         110         111   304548.44      -1.9089009    
         111         112   797619.63     -0.16724110    
         112         113   1390480.3       0.0000000    
         113         114   0.0000000      -2.9235187    
         114         115   0.0000000     -0.51606321    
         115         116   0.0000000      -1.6286643    
         116         117   0.0000000     -0.88660514    
         117         118   0.0000000     -0.13235606    
         118         119   22077.906       0.0000000    
         119         120   0.0000000     -0.19342443    
  1.14560368E+08 -1.11909600E+08
