     1   2.5997665
     2  10.6566753
     3  11.5217667
     4  -0.0297086
     5 -26.5349216
     6  19.9335995
     7  39.0684319
     8  53.5231781
     9 -45.4537239
    10  14.7307034
    11 -11.6837578
    12  -7.1920419
    13  10.1113195
    14  67.5787201
    15 -50.0508804
    16  18.1662731
    17 -69.8152237
    18  10.5983772
    19  33.8045425
    20 -33.9650536
    21  61.5551453
    22  -5.1546464
    23 -18.5891342
    24  37.8251915
    25 -45.6383209
    26  -3.3872457
    27   5.4635859
    28  28.6627712
    29 -32.3693161
    30   8.9359808
    31  31.3122654
    32 -46.2050819
    33  38.7336655
    34 -12.0127068
    35   0.2574173
    36 -40.0493660
    37  43.7049828
    38   5.2534575
    39 -25.2660122
    40  -7.3692179
    41  72.8498306
    42 -38.1997032
    43  18.4105873
    44 -53.6680832
    45 -18.8767548
    46  10.2263288
    47  23.7388706
    48 -51.4815216
    49  19.2182674
    50  -0.4844278
    51   4.1169496
    52  11.6489029
    53  -0.7306635
    54  -0.9777695
    55   6.1361303
    56  -6.6204906
    57   5.9650617
    58  -6.5470161
    59 -13.4286661
    60  28.2909622
    61  19.9368992
    62 -29.1956959
    63  19.1413155
    64   4.8606925
    65 -42.2150345
    66  19.8707352
    67 -25.9111614
    68 -20.9245033
    69  24.0943775
    70 -21.4539356
    71  -1.8969129
    72  15.5397129
    73  37.3550186
    74 -10.7330065
    75   3.4326525
    76  16.5790787
    77  -6.3833423
    78  -5.8575182
    79  -6.1154113
    80 -32.5667992
    81  48.3499947
    82 -24.0070381
    83 -11.6518097
    84   0.1166382
    85  -4.4081340
    86  -2.9956636
    87   6.4445853
    88  -1.6552674
    89   3.7248247
    90   4.7563338
    91 -13.7574062
    92  93.9744339
    93  -6.1487007
    94 -48.6943436
    95  14.9404182
    96 -10.7802219
    97 -48.1486015
    98  11.6686859
    99  29.3144760
   100 -73.2425308
   101  -4.4920526
   102  24.7534714
   103  14.0832796
   104 -39.9388504
   105  13.2720766
   106  10.4650764
   107  -3.7886579
   108 -42.8282928
   109  -0.3728579
   110  40.5759621
   111  39.7584801
   112  -6.4367228
   113  14.3920269
   114 -29.7595119
   115 -19.1128635
   116 -22.5616817
   117 -10.2204123
   118  -3.4411061
   119  -1.2854432
