           1   52.243179       163.04070       272.56500    
           2   29.763184       273.97559       978.93597    
           3   23.794136       982.08698       1742.9087    
           4   43.910606       1745.7557       2449.8062    
           5   53.240295       2451.1877       3140.6980    
           6   61.578506       3141.4282       3640.2964    
           7   61.279785       3641.0364       3969.4958    
           8   55.526520       3969.6719       4160.0283    
           9   55.533691       4160.3916       4392.0376    
          10   55.597595       4393.0903       4819.9927    
          11   55.452789       4821.5332       4927.5903    
          12   55.436890       4925.7075       5001.7275    
          13   55.501221       5001.3340       5053.7373    
          14   55.533203       4875.2920       5161.6045    
          15   55.436523       4947.3779       5148.6973    
          16   55.645752       5067.2529       5148.9180    
          17   55.499634       4946.7720       5184.5327    
          18   55.453003       5006.4316       5157.6455    
          19   55.501404       4755.2793       5195.5435    
          20   55.550110       4924.3989       5094.0405    
          21   56.914917       4973.3525       5024.2915    
          22   56.402100       4704.7207       5016.1187    
          23   46.396973       3815.9265       4791.4546    
          24   13.906006       2899.5918       4265.1855    
          25   8.3060303       1812.6123       2887.0271    
          26   18.072998       1810.2700       2793.8040    
          27   46.480957       2018.5436       2796.4082    
          28   27.606934       2521.8186       3651.6460    
          29   57.636108       3652.0205       3741.7336    
          30   57.299927       3054.3677       3692.4065    
          31   57.348022       3105.5413       4129.8237    
          32   43.410034       4138.2266       4717.2559    
          33   55.401001       3868.2427       4849.1831    
          34   57.263916       3970.7073       4781.7705    
          35   53.528076       4380.0449       4874.4536    
          36   55.281982       4294.4932       4618.9492    
          37   55.442993       3993.8452       4626.8418    
          38   55.361938       4034.7817       4932.1040    
          39   55.395020       3962.6270       4549.5269    
          40   55.397095       4145.0073       4529.7383    
          41   55.444946       4126.7017       4570.4707    
          42   56.244995       4220.3125       4606.8110    
          43   54.339111       3902.9365       4646.5547    
          44   55.096924       3908.9521       4440.9556    
          45   55.635010       3936.4133       4242.9155    
          46   55.182861       3762.1150       4154.7163    
          47   55.690186       3768.2173       4077.3110    
          48   55.330811       3690.8545       3961.6982    
          49   55.235107       3726.7690       4015.0876    
          50   82.787109       3460.7998       3867.4551    
          51   81.244873       3243.2290       3603.2244    
          52   82.031982       2969.9832       3622.2979    
          53   81.856934       2257.7627       3292.0422    
          54   73.463135       2168.7810       3538.5898    
          55   73.349854       3068.7444       3831.9934    
          56   73.367188       2829.2019       4023.6279    
          57   73.399902       3204.5073       3922.9409    
          58   73.366943       3485.3237       4133.2217    
          59   73.352051       3768.4915       4344.9438    
          60   73.482910       3830.1594       4364.4663    
          61   72.645020       3903.1848       4609.9478    
          62   72.773193       4440.1118       4889.7026    
          63   72.580811       4363.7036       4855.0679    
          64   72.998047       4606.5532       4947.8589    
          65   72.804932       4337.7104       4751.9214    
          66   72.630127       4199.1646       4902.6035    
          67   72.840088       4536.6299       5027.0562    
          68   66.326904       4887.8457       5393.1948    
          69   65.788086       4731.9673       5393.1855    
          70   66.483887       4106.3696       5131.8872    
          71   66.242920       4319.5205       5274.4644    
          72   66.436279       4197.4009       4994.4224    
          73   67.028809       3714.5256       4577.4136    
          74   53.999023       3165.4626       3740.2893    
          75   49.394043       2249.1016       3171.8655    
          76   30.793945       2239.2642       3335.3159    
          77   33.683105       3168.3501       3797.4893    
          78   55.201660       3798.7988       4012.5491    
          79   55.346191       4012.9409       4071.6348    
          80   55.347168       3714.7444       4074.4763    
          81   55.366699       3720.4072       3953.4338    
          82   55.416016       3487.5447       3726.5542    
          83   55.442383       2915.9373       3486.9878    
          84   33.698730       2157.4280       2912.7129    
          85   36.442871       1406.5613       2153.0291    
          86   55.041992       1371.3066       1860.2767    
          87   55.330078       1862.4668       2648.0337    
          88   55.201172       1708.0135       2708.0911    
          89   45.185059       625.00513       1845.1089    
          90   58.876953       1585.3951       2281.5090    
          91   30.954102       2284.3994       2843.4973    
          92   9.5639648       2850.2090       3483.2856    
          93   43.342773       3484.2524       3859.4807    
          94   46.553223       3861.1714       4211.9023    
          95   40.140625       4204.0308       4261.4653    
          96   45.016113       4232.2109       4864.7256    
          97   14.410156       3966.8455       4867.9600    
          98   28.835938       3186.0422       3963.0220    
          99   52.832031       3137.7285       4214.9629    
         100   29.820801       3705.1892       4218.5376    
         101   48.188965       3574.4458       3757.6465    
         102   48.346191       3699.5481       4072.9011    
         103   46.937988       3732.5215       4079.2966    
         104   50.294922       3853.4004       4021.2166    
         105   48.600098       4009.0005       4022.9819    
         106   48.787109       3953.3042       4016.3079    
         107   48.634766       3781.2400       3952.4412    
         108   48.806152       3669.6494       3791.9246    
         109   48.851074       3476.1404       3672.0056    
         110   48.988770       3134.6990       3475.4851    
         111   48.965332       2723.4216       3131.0425    
         112   49.110840       2236.5212       2722.6106    
         113   17.251953       1753.9314       2234.8337    
         114   18.441895       1292.7651       1750.8313    
         115   18.889160       786.73181       1291.4120    
         116   27.104004       489.18790       784.02051    
         117   28.591797       185.68770       487.92880    
         118   29.287109       110.21360       185.33530    
         119   28.629883       62.514400       134.23779    
